   2.0000000e+00   6.6528265e-01  -1.5121208e+00  -6.2475304e-02  -5.3039904e-01   2.7027154e-02   1.1504310e+00
   2.0000000e+00  -8.7609173e-01   2.1713565e+00  -6.9334157e-01   1.4484537e+00  -2.3362198e+00   2.7830096e-01
   1.0000000e+00   2.3973581e-01  -6.3352217e-01   1.4502097e+00  -9.0581991e-01   2.5676054e-01  -8.2289392e-01
   2.0000000e+00  -1.4231209e-01   7.0345807e-01   9.3327261e-01  -4.5143114e-01   2.5508910e-01   5.4666974e-01
   2.0000000e+00   1.0732715e+00   9.0800629e-01  -1.5268746e+00   2.6232207e+00  -2.0866410e+00  -6.1733854e-02
   1.0000000e+00   1.3627518e-01   7.3230037e-01  -1.2016819e+00   8.0130106e-01  -4.0363449e-01  -1.2001655e+00
   2.0000000e+00   3.8452141e-01   2.2734506e+00   4.3656263e-02  -2.0632205e+00  -4.0149479e-01  -3.4287407e-01
   2.0000000e+00  -8.0891742e-01   2.6110162e+00  -9.9134776e-01   8.4588275e-02   4.9219038e-01   5.4327844e-01
   2.0000000e+00  -6.4840226e-01   2.5452010e-01  -9.7696167e-01   1.2653840e+00  -9.6857569e-01   1.3805871e+00
   2.0000000e+00   4.6936974e-01   1.0613823e+00  -5.7545876e-01   5.4941499e-01   6.1211262e-01   1.2707656e+00
   2.0000000e+00  -6.8996358e-01   5.9927061e-01  -5.4992983e-01  -1.6881663e+00  -2.4352760e+00  -6.6505501e-01
   2.0000000e+00   1.2817995e+00  -1.1654080e+00  -1.4954371e-01   2.2979118e-01  -1.7330442e+00   3.5613010e-01
   1.0000000e+00   4.9573157e-01   8.1550137e-01   8.6339309e-01   4.0401428e-01  -1.6665373e+00   9.5267674e-01
   2.0000000e+00  -1.4195504e+00   1.3183564e-01   7.1003547e-01  -1.4330656e-01   2.0482248e+00   1.3281302e-01
   2.0000000e+00  -2.0690008e-01  -1.8796750e+00  -5.2410162e-02   5.2920929e-01   2.7189663e+00   8.2914666e-01
   1.0000000e+00   6.5530740e-01  -9.5959147e-02  -1.6909383e+00  -2.1484128e+00   7.8116227e-01   1.8335104e+00
   2.0000000e+00  -4.8480117e-02   3.4023582e-01   1.0053517e+00   3.4376380e-01  -1.1089839e+00  -7.6985219e-01
   2.0000000e+00  -4.2286462e-01   3.4293131e-01   4.8107275e-02   4.7292417e-01   8.5318075e-01   8.2500373e-01
   2.0000000e+00   7.8391002e-01  -6.9359969e-01  -4.9653885e-01  -1.0846427e+00   9.1896418e-01  -7.1784364e-01
   2.0000000e+00  -1.2698733e+00   1.1676488e+00   1.2647459e+00   5.6504701e-01   1.1387096e+00   1.2492927e+00
   1.0000000e+00   8.2967720e-01   4.7139291e-01  -9.3534733e-01  -1.9128856e+00  -1.2435245e+00   1.0610865e-01
   1.0000000e+00   3.4406567e-01  -2.8229669e-01   9.9849563e-01   7.3975482e-01  -2.7049172e-01  -1.9020466e+00
   2.0000000e+00   1.9589080e+00  -3.5191462e-01   9.0547748e-01   6.7844068e-02   4.8193503e-01  -2.9602786e-01
   2.0000000e+00   1.4521465e-01  -1.0594243e+00  -3.0198012e-02  -8.8363750e-01   3.9645672e-01  -1.3712525e+00
   2.0000000e+00  -1.2136156e+00  -1.6083699e+00   1.4196475e+00  -5.5738159e-01   1.8979698e+00  -1.1621947e+00
   1.0000000e+00   1.8965754e-02   9.8639399e-01   2.8955012e-01   1.0721007e-01  -1.0349443e-01   1.6506522e+00
   2.0000000e+00  -8.0099518e-01  -7.8120801e-01  -2.2001902e-02   6.9816999e-01   4.9557414e-01  -1.3763747e+00
   2.0000000e+00  -5.9649931e-01   2.3641529e-01  -1.3679689e+00   1.3207261e+00   5.9550658e-01  -4.5191195e-01
   1.0000000e+00   3.8389853e-01   7.9153662e-01   2.5573508e-01  -2.4699176e-01   8.8831449e-01   3.0442879e-01
   2.0000000e+00   1.3597180e+00   7.0816698e-01   2.9529799e-01  -2.3982541e-02   9.2346400e-01  -1.2616097e+00
   2.0000000e+00  -1.8941611e-01  -4.1334033e-01   2.9699050e-01  -1.2546643e+00   1.1320798e+00   3.9726641e-01
   1.0000000e+00   6.5638976e-02  -4.1676940e-01  -2.4367375e-01   6.0899267e-01   1.2830987e+00   9.8883735e-02
   2.0000000e+00  -2.3180147e-01   2.2027546e+00   4.3239735e-01   1.3261770e+00   2.2988151e-02   8.7531569e-01
   1.0000000e+00   4.2109290e-01   1.4803732e-01  -8.5087276e-01   1.3306730e-01  -8.7052404e-02  -2.6892267e-01
   1.0000000e+00   5.3124624e-01  -2.5552985e-01   1.3331142e+00   1.0484439e+00  -2.8378865e-01  -4.8543584e-01
   2.0000000e+00  -4.2658968e-01  -3.8004836e-01  -7.3905072e-01  -9.4727098e-01  -1.3238961e+00  -3.2498848e+00
   2.0000000e+00   1.9552974e-01  -1.0377947e+00  -6.1528149e-01  -1.8814238e-01  -2.7938808e-01   4.0393687e-01
   2.0000000e+00   2.0869784e-01   1.5089982e+00   1.2539329e+00   4.9373967e-02   7.8540350e-01  -5.2653681e-01
   2.0000000e+00  -2.4798486e-01  -1.6916616e+00   1.7179989e+00   1.5593389e-01  -9.4214673e-01   1.0640282e-01
   2.0000000e+00   1.4119574e+00   2.8451609e-01  -5.9224959e-01   2.8069522e-01   6.5949547e-01  -2.4041931e-01
   2.0000000e+00  -7.6121081e-01   1.1523083e+00   2.6132422e+00   4.2268258e-01   7.5033244e-01  -1.6895516e+00
   2.0000000e+00  -1.1922466e+00  -1.2755327e+00   1.1229581e+00  -3.2830846e-01  -5.1579551e-01   1.2785442e+00
   2.0000000e+00   1.3308945e+00   1.4868022e+00  -4.4148038e-01   1.8919390e-01   1.3949483e+00   1.9126906e+00
   2.0000000e+00  -3.4654910e-01   8.4294419e-01   4.8777325e-02   9.2598571e-01  -1.3854624e+00  -1.3601091e+00
   1.0000000e+00   2.5118818e-01   2.7454645e-01   1.1931480e+00  -8.1998921e-01   1.7095323e+00   1.4786508e+00
   2.0000000e+00  -1.9176690e+00  -9.8768959e-01   8.1899372e-01  -1.1210290e+00  -7.0044447e-01   7.0338551e-01
   2.0000000e+00   8.2416937e-01   9.9778467e-01  -2.0434559e-02  -4.3900458e-01  -8.6618692e-01  -8.9752722e-01
   2.0000000e+00   8.5869007e-01  -5.4584118e-01  -2.0001782e+00   3.9864985e-01  -2.2591106e-01  -7.0046436e-01
   2.0000000e+00   4.2067481e-01   1.3960328e+00  -2.0636028e+00   5.4240003e-01  -1.2794728e+00  -2.5698468e-01
   1.0000000e+00   2.4442363e-01   4.7791755e-01   9.3099672e-01  -3.3273185e-01   7.3790190e-01   7.6511576e-01
   2.0000000e+00  -7.8751764e-01  -2.4283047e+00   1.3083957e+00   1.6708195e+00   8.4010536e-01   9.1343452e-01
   2.0000000e+00   6.5049132e-01  -1.6815137e-01  -3.2163311e+00  -2.2606847e-01  -1.2096803e+00   1.0329433e+00
   2.0000000e+00  -9.6696519e-01   2.2146709e+00   1.0596123e-01  -5.5266642e-01   1.8402958e+00  -4.5164903e-01
   1.0000000e+00   4.2546236e-01  -2.9250429e-01   9.4229836e-01  -8.4001050e-01  -6.4208394e-01  -3.0516080e-01
   2.0000000e+00   2.4002711e-02   1.6890285e+00  -1.4954958e+00   2.8424114e+00   7.4231116e-01   1.2128887e+00
   2.0000000e+00   1.7857727e+00  -2.6468929e-01  -3.5270872e-01  -1.3761323e-01  -1.0852303e+00   3.1498829e-01
   2.0000000e+00  -9.7208085e-01   2.9898402e-01  -9.1116546e-01  -2.4256756e-01   1.1273945e+00   1.5154876e+00
   1.0000000e+00   7.0959799e-02  -2.4734656e-01   3.3574249e-01   1.0289543e+00  -7.5581716e-01  -1.1522520e-01
   1.0000000e+00   3.1475196e-02   8.9250479e-01   7.0244423e-01  -6.2725807e-01  -5.3739195e-01   1.3881253e+00
   2.0000000e+00  -8.4194235e-01  -1.5377251e+00  -1.0583746e+00   1.9176948e-01  -8.6583846e-01   2.4269768e-01
   2.0000000e+00   1.7209225e+00   1.0886865e-01   7.8461933e-01  -1.0428904e+00   9.0949055e-02  -4.1005474e-01
   2.0000000e+00  -2.9322127e-01   1.4567950e+00   1.7169836e+00   1.3004632e+00   1.0754543e+00  -4.3923542e-01
   2.0000000e+00  -5.9603591e-01   6.8617929e-02   1.3057554e+00  -9.1373100e-01  -1.1099101e-01  -3.3344312e-01
   1.0000000e+00   6.7050977e-01   5.2461895e-02  -1.0829911e+00  -3.4670747e-01  -1.2934522e+00  -1.6515389e-01
   2.0000000e+00  -8.2938261e-01   7.3323320e-02   3.3312763e-01   1.6683724e-02   6.4121884e-01   1.4208410e+00
   2.0000000e+00  -4.3272254e-01   4.9273046e-01   3.4329405e-01   1.0720106e-01  -4.3805923e-01  -3.1783132e-01
   2.0000000e+00   4.3021288e-01   1.2340452e+00  -4.8756195e-02  -1.5081349e+00  -7.6158138e-01   3.6786635e-01
   2.0000000e+00  -9.6256990e-02  -9.2733072e-01  -1.4847921e+00  -8.9932847e-01   2.3491867e-01  -8.7053113e-01
   2.0000000e+00  -1.1716221e+00   1.9647158e-01   1.4150142e+00  -6.9351900e-02   2.2341629e+00  -1.8772558e+00
   2.0000000e+00   4.8079904e-01   1.0585086e+00   1.1161709e+00   2.0894424e+00   7.0973321e-01  -1.2970395e+00
   2.0000000e+00  -4.2320561e-01  -7.0924481e-01  -5.9568395e-01  -8.7338098e-01  -1.7839614e+00  -6.7011246e-01
   2.0000000e+00   1.8490473e+00   1.0524478e+00   7.5199141e-01  -1.4232755e+00   1.3511933e+00   1.0590533e+00
   1.0000000e+00   2.1231428e-01   2.2920160e-01   1.0586238e+00  -3.9223120e-01   9.6659979e-01   2.5261735e-01
   2.0000000e+00  -1.0119301e+00   7.2118692e-01   1.3427825e+00  -6.5433766e-01  -1.4358498e-01  -9.0193519e-01
   2.0000000e+00   8.9293833e-01   1.4395349e+00   1.7416378e+00  -6.9275570e-01   2.7906448e-01  -6.1246855e-01
   2.0000000e+00  -1.3796360e-01  -2.2311437e+00   1.1585742e+00  -2.4350190e-01   6.3504081e-01  -1.2106234e+00
   2.0000000e+00   1.0433097e+00  -1.4284985e+00   8.7933871e-01  -1.0979212e+00  -2.0369648e+00   4.1096445e-01
   2.0000000e+00  -2.5856738e+00   1.1042198e+00  -1.4449005e+00  -6.0905707e-01   1.1628667e+00   7.8307575e-01
   2.0000000e+00  -1.0048720e+00   2.6334016e-01   2.4671745e+00  -6.6579094e-01   2.7913709e-01  -4.9551707e-01
   2.0000000e+00  -2.7844757e+00  -6.3170388e-01  -3.1777863e-01   1.2243149e-01  -1.3826066e+00  -9.3692758e-01
   2.0000000e+00  -4.9345381e-01   4.1699368e-01   1.4421288e+00  -1.6791410e+00  -1.4889247e-01  -1.1329071e-01
   2.0000000e+00  -5.1895840e-01   1.3767097e+00  -7.9517327e-02  -8.0602437e-01  -1.3388396e+00   1.2018681e+00
   2.0000000e+00  -6.8384280e-01   6.3445800e-01  -4.0171138e-01   3.5387812e-02  -1.0696423e+00  -9.7381250e-01
   2.0000000e+00  -9.7429415e-01  -8.5617602e-01   2.2815563e-01  -8.7232562e-01  -2.3661913e-01  -1.2531449e+00
   1.0000000e+00   6.6598057e-01   3.9237782e-02  -5.7785441e-01  -1.7010590e+00   8.8441863e-01  -7.7562794e-01
   2.0000000e+00  -2.2672215e+00  -1.0600235e+00  -3.2308950e-01   6.5234714e-01  -7.3659499e-02  -3.9380284e-01
   2.0000000e+00  -1.2310663e+00   2.5210049e+00  -1.9406252e+00  -1.2465897e+00   4.1330912e-01  -1.3530355e-01
   2.0000000e+00  -4.2545147e-01   1.5198499e-01   7.8917221e-01   2.2827706e+00   1.3126075e-01   1.0720021e+00
   2.0000000e+00  -1.3639045e+00  -2.1675334e+00   8.1801448e-01  -4.5886071e-01   5.9708533e-01  -8.7944702e-01
   2.0000000e+00  -8.5144118e-01   2.4313995e-01   6.6966697e-01   2.5634286e-01   5.9744958e-01  -1.4859692e+00
   2.0000000e+00  -7.2045927e-01   2.0551854e+00   2.7557853e-01   3.2511227e-01   6.0685599e-01  -1.2716075e+00
   1.0000000e+00   1.4549609e-01  -2.1062500e-01  -5.7302798e-01  -1.2985205e+00  -1.5388737e+00   1.8818329e+00
   2.0000000e+00  -1.4651468e-01  -8.2594626e-02   9.8101090e-01   8.5974869e-01   5.8486510e-01  -4.7133559e-01
   1.0000000e+00   4.2293194e-01  -3.0046689e-01  -4.4453816e-01  -1.1818731e+00   4.1428519e-01   1.1959343e+00
   2.0000000e+00   1.4163713e+00   6.1190224e-01  -8.3986406e-01   4.1947511e-01   8.9875461e-01   1.8254862e-02
   2.0000000e+00  -6.5048185e-01  -7.4533199e-01  -3.2113000e-01   8.2706960e-02  -1.1117878e+00  -1.0787857e+00
   2.0000000e+00  -3.0089018e+00   8.9182214e-01  -3.7194783e-01   7.8156413e-02  -1.1903643e-01   8.4823964e-01
   1.0000000e+00   7.2640822e-01  -6.3914155e-01  -3.1185047e-01   3.4698995e-01   8.7453964e-01  -1.1027371e+00
   2.0000000e+00  -4.3820154e-01  -6.0343008e-01   6.2892720e-01  -6.0843545e-01  -1.1007578e+00   1.4056783e+00
   2.0000000e+00  -6.7856807e-01  -8.4909960e-02  -1.0638103e-01  -1.6675102e-01   3.2023338e-01   1.5338431e-01
   2.0000000e+00   9.8840515e-01   3.8882940e-01   8.6263478e-01   1.6362636e+00  -1.3083567e+00  -2.2447041e-01
   2.0000000e+00   4.4896931e-01   1.4927948e+00  -1.4349571e+00   8.5263060e-01  -4.7814747e-01   9.8447083e-01
   2.0000000e+00  -2.4482816e-01  -7.0645470e-02   2.6979557e+00   4.3359809e-01   7.8734572e-01   1.6247576e+00
   2.0000000e+00  -2.3079400e-01  -3.0474081e-01   9.3999439e-01   1.0933990e+00  -5.1105132e-01  -8.3819428e-01
   2.0000000e+00   1.4679575e+00   2.7075173e-01  -9.0790928e-01   2.4164443e-02   5.0297229e-01  -5.6877029e-02
   2.0000000e+00  -6.9480527e-01  -9.8541247e-01  -3.3419892e-02  -1.1960039e+00  -2.1933415e-01  -2.6699947e+00
   2.0000000e+00  -2.9136929e-01  -8.3666954e-01   7.2139526e-01  -2.0339941e+00   8.2218523e-01   9.0230674e-01
   2.0000000e+00   1.5082073e+00   7.0588469e-01  -1.8399019e+00  -8.1185832e-01   9.4649401e-02   1.7617246e+00
   2.0000000e+00  -6.6655179e-02   1.7154274e+00   5.9807628e-01   2.4437509e-02   4.4992769e-01  -1.2654931e+00
   2.0000000e+00  -1.2929323e+00   9.8755344e-01   3.7657076e-01  -5.9710822e-01   7.1224543e-01   9.6920758e-02
   1.0000000e+00   6.5078210e-01   1.4421379e-01   1.7886471e+00   1.7740581e+00   8.0498641e-01   4.6659599e-01
   2.0000000e+00   9.2667999e-01   1.2217861e+00   6.4047199e-01   2.8388482e-01  -5.9829868e-01  -8.6777725e-01
   2.0000000e+00  -5.8653590e-01   1.3081710e+00  -5.1424882e-01  -3.8406364e-01  -2.9452173e-01   1.4919726e+00
   2.0000000e+00  -4.5193431e-01   6.3290377e-02   7.0465365e-01   8.7525525e-02   8.6439958e-01  -9.2630176e-01
   2.0000000e+00  -3.0400504e-01   9.5022074e-01  -1.2639977e+00  -2.2689504e+00   1.0326381e-01  -1.9704595e+00
   1.0000000e+00   9.1369957e-01   9.1503510e-02  -1.1057255e+00  -8.1300207e-01   5.4181750e-01  -1.1454494e-01
   2.0000000e+00  -1.3728375e+00  -1.0329284e+00   2.1366371e-01  -1.8364906e-01  -2.7429801e-01   2.0583031e+00
   2.0000000e+00  -2.3439896e-01   1.2049015e-01   2.4405459e-01   1.2788558e+00  -1.9901882e+00   5.8332751e-02
   1.0000000e+00   2.9017729e-02   2.4605992e-01  -5.9753110e-01   1.1486169e+00   6.0069971e-01   3.5762195e-03
   2.0000000e+00   8.4521719e-01  -1.1448970e+00   1.4187272e-01  -6.4956382e-01   1.0382943e-01   9.1780520e-01
   2.0000000e+00   9.3942363e-02   1.2042066e+00   1.9948987e-01   8.2808783e-01   7.2394166e-01   5.3824976e-01
   2.0000000e+00   1.5775802e-01  -1.2590215e+00  -1.9904846e+00   1.1837776e+00  -3.0275185e-01   1.4368824e+00
   2.0000000e+00  -6.7838276e-01   6.8181803e-01   6.8570959e-01  -2.6002789e-01   6.7804007e-01  -1.1821093e+00
   2.0000000e+00  -8.4278083e-01  -5.1414813e-02   1.2051549e+00   2.9186569e-01   2.2152116e+00   6.4386010e-01
   2.0000000e+00  -2.0256225e+00  -1.1696469e+00   7.1735776e-01  -3.2233593e-01   1.3686843e+00   5.9793119e-01
   2.0000000e+00  -9.9772826e-01  -5.8166763e-01  -1.5919070e+00   6.4137224e-01   1.2176064e+00  -1.1024881e-01
   2.0000000e+00   1.6439064e+00  -4.6737115e-01  -9.5792534e-02  -1.5750777e+00   1.6982028e-01   1.0899138e+00
   2.0000000e+00  -6.4709108e-01  -6.4873867e-01   1.7769474e+00   1.2027621e-01  -5.9308729e-01  -1.1164659e+00
   2.0000000e+00  -1.2932972e+00   3.2813593e-01   9.8697697e-01  -6.1790876e-01  -8.8334841e-01   7.6926902e-01
   2.0000000e+00   1.1265302e+00  -2.7192650e-01   3.6359672e-02   4.5128672e-01  -2.3156504e-01  -1.9147391e-01
   2.0000000e+00  -1.1026518e+00  -1.1181500e+00   4.2636145e-01   4.1046149e-01   8.6948719e-01   1.2372770e-02
   2.0000000e+00   1.0525894e+00  -1.2963647e+00  -1.6471071e-01   2.4656580e-01   1.2389982e+00  -3.2044101e-01
   2.0000000e+00  -8.2671712e-02  -1.5838824e+00  -9.1526574e-01  -1.2050924e+00  -6.6309674e-01   5.0346032e-01
   1.0000000e+00   1.5325903e-01  -9.8381965e-02   5.6042588e-01   2.6481466e+00   9.7809365e-01  -6.8693767e-01
   2.0000000e+00  -1.1854096e+00   4.9346638e-01   1.6662928e+00  -1.9254266e+00  -2.0935986e+00  -5.6429953e-01
   2.0000000e+00  -8.6438655e-01   8.0416817e-01   1.4529565e+00  -1.8903822e-01   3.4366460e-01   6.8955990e-01
   2.0000000e+00  -3.8639437e-02   2.3877644e-01   2.7317626e-01   3.9056691e-01  -2.6709582e-01  -1.6835615e+00
   2.0000000e+00  -9.5616134e-01   1.1050314e+00  -1.1757052e+00  -1.0779332e+00  -2.8853289e+00   1.0670212e-01
   2.0000000e+00  -5.0646756e-01  -6.5515394e-01   1.5511866e+00  -1.4064874e-01  -2.0477534e-01   2.5810119e-01
   2.0000000e+00  -7.6988863e-01  -4.5100693e-01   1.5409305e+00  -1.6322040e-02   1.0956227e+00   1.8643992e-01
   2.0000000e+00   8.7705303e-01  -6.8344223e-01  -2.3941176e-01  -3.4327454e-01   6.7250413e-01  -3.7989461e-01
   2.0000000e+00  -1.0705530e+00   9.1474726e-01   1.3034162e+00  -8.7829221e-01  -2.3319882e-01   9.9958524e-01
   2.0000000e+00  -6.3161660e-01  -1.4175096e+00   2.1430807e+00   1.9699355e+00   6.5561244e-01   1.5958973e+00
   2.0000000e+00  -6.2759733e-02  -7.4418167e-01  -2.9224000e-01  -7.4039008e-01  -9.0335925e-01  -1.3304185e+00
   1.0000000e+00   5.3318849e-01  -1.2911530e-01   1.1624779e+00   3.8876685e-01   1.0593080e+00  -6.2520882e-01
   1.0000000e+00   2.2201571e-01   9.5421307e-01  -6.4942093e-01   6.7188689e-02  -7.4178209e-01  -1.0583155e+00
   2.0000000e+00   7.3895047e-01   2.0879920e+00   2.8918156e-01  -8.9622259e-01   6.0343850e-01   2.5350166e-01
   1.0000000e+00   1.7204862e-01   8.4487783e-01  -1.7647157e-01   1.0387298e+00  -8.6145298e-01  -1.8400853e+00
   2.0000000e+00  -1.5548999e+00  -6.6807550e-01   3.9543686e-01   2.5568854e+00   5.9785749e-03   7.1641210e-01
   2.0000000e+00  -1.3041349e+00  -1.3098096e+00   7.3302077e-01   1.7700143e+00  -7.3980865e-01  -1.1791290e-01
   2.0000000e+00  -1.4743281e+00   1.7768446e+00  -5.2483704e-02  -1.2124581e-01  -7.5511318e-01   1.5655278e+00
   2.0000000e+00   9.2066936e-01   1.6138646e+00  -2.5154902e+00   8.7511032e-01  -9.7060193e-01   1.8150140e+00
   2.0000000e+00  -8.6616732e-01  -1.2384926e+00   7.8242942e-01  -1.9396764e+00   5.9833682e-01   9.7957974e-01
   2.0000000e+00  -3.7602826e-01  -7.9273521e-02  -1.6776313e-01  -8.9415711e-01  -8.3449412e-01  -5.5766495e-01
   2.0000000e+00  -4.9239313e-01  -1.8951017e-01  -9.8579153e-01   5.7702702e-01   1.0956158e+00  -7.2207340e-02
   2.0000000e+00  -4.1608387e-01   2.1669407e-01   6.2606090e-03  -7.6945438e-01   3.7700133e-01  -1.5983804e-01
   2.0000000e+00   1.4854950e+00  -4.7049016e-02  -9.3676150e-01   1.0312882e+00  -1.4096471e+00  -1.8365637e-01
   2.0000000e+00  -6.4942979e-01  -1.7061102e+00   8.8306218e-01   2.6838723e-01   1.6375959e+00  -1.6903803e-01
   1.0000000e+00   5.8285784e-02   7.6028790e-01  -7.1615826e-02  -7.9001121e-02  -9.2283948e-01  -3.4826790e-02
   2.0000000e+00   6.9052615e-01   1.7995041e+00   1.5028556e+00   4.1679372e-01  -1.5968767e-01   1.2552350e+00
   2.0000000e+00   1.2264443e+00   1.0526407e+00   1.1685795e+00   2.1241001e+00  -8.7636360e-01   1.6754070e+00
   2.0000000e+00   1.8556741e+00   9.7868740e-01   1.3455413e+00   8.9968878e-01   1.2452814e+00   4.2550444e-01
   1.0000000e+00   6.8748883e-02   1.4897513e-02  -5.8177408e-02   7.2802607e-01   1.2338381e+00  -1.7714623e-01
   2.0000000e+00  -5.8595675e-01   1.2565093e+00   3.1912741e-01  -1.9929125e+00   8.2613415e-01   8.9841821e-01
   2.0000000e+00   6.7031325e-01   7.6601718e-01  -7.8424171e-01  -1.8973833e+00  -5.8915062e-01  -7.7164822e-01
   2.0000000e+00  -1.3821679e+00  -2.1809064e-01   5.5059278e-01   1.3780365e+00  -7.6426345e-01  -8.4748002e-01
   2.0000000e+00   5.4436257e-01   2.6085078e+00   2.0072550e+00  -9.0590200e-01   4.0257550e-01   2.8044129e-02
   2.0000000e+00  -1.5891313e+00   4.5295708e-01  -9.7868997e-01   8.2643683e-01   6.0577549e-01  -5.3531635e-01
   1.0000000e+00   4.5457713e-01   3.7889409e-01   6.3487686e-01   6.9258073e-01  -5.5886992e-01   1.1922158e-01
   1.0000000e+00   4.6686114e-01  -5.6257356e-01  -3.0684458e-01   6.6749223e-01  -5.3754751e-01   8.8909299e-01
   2.0000000e+00  -6.1286270e-01  -8.0848914e-01   1.6405937e+00   5.3831940e-01  -1.1113675e-01   1.3024885e+00
   2.0000000e+00  -6.8695239e-01   1.3295281e+00  -9.8738615e-01   6.9193343e-01   1.4014192e+00   5.1678179e-01
   1.0000000e+00   7.9252683e-01  -7.3983593e-02   2.4134947e-01  -1.7156026e-01  -2.1873781e+00   4.5424754e-01
   2.0000000e+00  -1.0261218e+00  -1.2757827e+00   1.1366117e+00   4.7158179e-01   2.4304084e-01  -2.0379849e+00
   2.0000000e+00  -1.1398784e+00  -1.0238560e+00   1.2033225e+00  -1.9543193e-01  -6.0432338e-01  -9.2551416e-01
   2.0000000e+00  -3.2770159e-02  -9.2863221e-01  -3.5960692e-01  -6.1822848e-01   9.1427376e-01  -6.1580962e-01
   1.0000000e+00   9.2510236e-02   3.4184165e-02  -6.2345674e-01  -1.5625201e+00   7.4780610e-02   1.1831669e+00
   2.0000000e+00  -6.0107837e-01  -1.4475161e-01  -8.5642060e-01   8.4845079e-02   7.1804791e-01  -1.6546962e+00
   2.0000000e+00  -6.7308194e-01  -1.4690233e+00  -7.2783562e-01   5.2192123e-02   3.3988954e-01   1.5048518e+00
   2.0000000e+00   5.8436425e-01   1.0621160e+00   1.9854913e-01  -2.0988566e-01   9.1031422e-01   1.3244439e+00
   2.0000000e+00  -6.9876624e-01  -1.0970662e+00  -7.8045748e-01   5.1176027e-01  -6.1453720e-01  -8.1824833e-01
   2.0000000e+00  -6.2238198e-01  -5.8647190e-01  -8.7736040e-01   7.0579112e-01   1.0328458e+00  -4.2784738e-01
   2.0000000e+00  -1.3938187e+00  -1.5905940e-01  -4.2277812e-02   2.9605639e-01   8.5334508e-01   1.7465255e+00
   2.0000000e+00  -3.8802584e-02  -2.6026743e+00  -8.8954285e-02  -2.6651333e+00   1.0428140e-01   7.4724216e-01
   2.0000000e+00  -7.2200001e-01   1.1478267e+00   1.2673473e+00  -1.0339626e+00   1.0287297e-01   5.0130144e-01
   1.0000000e+00   8.5750210e-01   3.6660616e-01   1.4124524e+00   5.1322787e-01  -1.3519427e-01   5.9247570e-03
   2.0000000e+00  -6.5099483e-01  -2.9859721e-01  -1.6153797e+00  -7.6707858e-01  -2.7194759e+00   1.2173939e-01
   2.0000000e+00  -1.1843043e+00   2.2972955e-01  -5.0490849e-01   2.6677622e+00  -5.9729951e-01   1.7788886e+00
   2.0000000e+00  -1.0502194e+00   8.8337939e-01  -7.3294940e-01   5.6808393e-01  -1.5417178e+00   4.4030257e-01
   2.0000000e+00  -1.0216867e-01   1.3161778e+00  -4.5529958e-01   2.0683445e-01   6.6767363e-01  -7.7403484e-01
   2.0000000e+00  -7.7172266e-01  -4.1496403e-01   1.3272185e+00  -2.0988051e-01   7.2906713e-01   2.5515573e-01
   2.0000000e+00   1.5183516e+00   1.2681116e+00  -1.8261621e+00  -2.4119529e-01   1.3989410e-02   1.4125144e+00
   2.0000000e+00  -1.0509897e+00  -6.6292285e-01  -5.2265734e-01   1.2456338e+00  -1.2099149e-01   1.1469162e-01
   2.0000000e+00  -1.3140630e+00   1.9819236e-01   5.0858354e-01   7.5726414e-01  -1.3495692e-01   1.1160705e+00
   2.0000000e+00   1.6515700e+00  -6.9472475e-02   8.9223843e-02   1.3796574e+00   9.1967735e-01   8.2235116e-01
   2.0000000e+00   1.1566486e+00   7.3190960e-01   9.8279846e-02   8.5824036e-01   2.4314002e+00   5.1241416e-01
   2.0000000e+00  -1.6417168e-01  -5.1175534e-01  -9.9550302e-01  -2.2366035e-01   2.8505172e-01   4.9931742e-02
   2.0000000e+00  -2.2898768e-02   1.2262959e+00   1.4045490e-01   1.0449692e+00  -2.6672123e-02  -5.1377015e-01
   1.0000000e+00   1.4032470e-01   5.2102260e-01   1.1161518e+00  -5.4944003e-01  -2.9098461e-01  -4.6022117e-01
   1.0000000e+00   4.4428582e-01  -2.9250758e-01   6.9232886e-01   9.8330440e-01  -4.6079304e-01   1.3721378e+00
   1.0000000e+00   5.3229554e-01   2.2315680e-02  -3.0066537e-01   9.1701615e-01  -2.1408371e+00   1.8127272e+00
   1.0000000e+00   9.1053872e-02   4.7729884e-01   3.2905448e-01   1.1982346e+00   5.6272301e-01   5.4563558e-01
   2.0000000e+00  -8.1481203e-02   1.3796160e-01   9.0926281e-01   1.1146484e+00  -2.6585406e-01   1.0430530e+00
   2.0000000e+00  -7.7887390e-01  -6.1686224e-01   1.5251605e+00   2.5310700e-01   3.4960023e-02   1.6555721e+00
   2.0000000e+00   3.0201474e+00   5.3273528e-01  -1.7366823e+00  -9.1791727e-01   2.0308512e-01   7.5740285e-01
   2.0000000e+00   6.5877740e-01   1.0118750e+00   4.0455472e-01  -6.7099583e-01   3.4053051e-01   2.4364693e-01
   1.0000000e+00   3.4394661e-01   4.7135263e-01   6.6710582e-01  -4.6965440e-02   9.9199403e-01  -2.1118422e-01
   2.0000000e+00  -1.0034488e+00   5.4639029e-01   1.8064867e+00  -1.2444448e-01  -7.6539558e-01   1.0626812e+00
   2.0000000e+00   1.4123930e+00  -1.7959304e+00   6.5166891e-01  -9.7395280e-01  -2.2578446e+00   7.3494074e-01
   2.0000000e+00   1.4769453e+00  -6.5897484e-01  -1.1359535e-01   2.6343746e-01   2.1539546e+00  -6.2131707e-01
   2.0000000e+00   6.9467785e-02  -1.2060283e+00   6.8092323e-01  -8.5697899e-01   7.1610236e-01   8.2524519e-01
   2.0000000e+00   9.6664050e-01  -5.2813217e-01   3.9113751e-01  -1.3085315e-01   4.2600731e-01  -6.7965040e-02
   1.0000000e+00   6.2564486e-01  -3.3609091e-01  -8.4556696e-01  -1.2294755e+00   1.9011263e+00  -7.4984785e-01
   1.0000000e+00   1.1449022e-01   2.3121022e-01  -1.2494972e+00   3.2806143e-01  -2.6160530e-01   3.8019420e-01
   2.0000000e+00  -9.0213931e-01   1.7623351e-02   3.8040913e-01   6.0017051e-01   7.4762190e-01   9.8410860e-01
   2.0000000e+00   9.9397577e-01   2.8414450e-01  -1.2318436e+00  -3.7531963e-01   7.5063260e-01   7.9782349e-01
   2.0000000e+00   2.4523894e+00  -4.4393809e-01  -5.4749411e-01  -3.8052955e-01  -1.1470244e+00  -4.6480695e-01
   2.0000000e+00  -7.5671543e-02  -3.5163246e-01  -4.0419772e-01   9.2893534e-02  -1.3315871e+00  -4.8485964e-01
   1.0000000e+00   4.5434468e-01  -4.5390441e-01   5.5163394e-01  -1.0876140e+00   5.3159824e-01  -8.6028947e-01
   2.0000000e+00  -1.0251106e+00   6.3335999e-01  -1.2175830e+00  -1.2793409e+00  -1.8804608e-02  -1.8581430e+00
   2.0000000e+00  -6.7639691e-01  -4.7649598e-01  -5.3872240e-01   8.2987976e-01   1.7687014e-01   2.7250760e-01
   2.0000000e+00   2.2800607e+00   4.8931105e-01   1.6201334e+00   1.5641901e-01   5.8913379e-01   1.4500509e+00
   1.0000000e+00   2.9384876e-01   3.8696064e-01   5.8635541e-02   3.6696370e-01  -2.0337404e+00  -2.4252509e+00
   2.0000000e+00  -1.1553172e+00  -3.3386920e-01  -9.8974077e-01   7.0140382e-01   1.1269730e+00  -1.7932272e+00
   2.0000000e+00  -9.4439964e-02   7.2134674e-01  -1.3249778e+00   2.6916949e-01   7.0908673e-01   7.7788566e-01
   2.0000000e+00   8.1441378e-01   1.3421600e+00   9.6606247e-01   9.3994321e-01  -5.1220840e-01   2.9060661e-01
   2.0000000e+00   1.0973928e+00  -7.1257392e-01   1.1449545e-01  -3.4911736e-01  -5.2657776e-01  -1.1268858e+00
   2.0000000e+00  -1.4118352e+00   2.0645758e-01   1.2262911e+00   7.0208671e-01   3.6260488e-01   4.7706967e-01
   2.0000000e+00  -2.4087731e-01   1.4542562e+00  -8.2840591e-03   9.4907934e-01   7.5117763e-01  -1.1582650e-01
   2.0000000e+00   1.2850067e+00  -4.9914327e-01  -6.3244043e-02  -7.3726584e-01  -6.8485972e-01   1.0976223e-01
   1.0000000e+00   1.9043424e-01   6.1134609e-01  -1.2311950e+00  -1.0990282e+00  -4.5663251e-01  -5.8734142e-01
   1.0000000e+00   2.7791265e-01   5.8270739e-01  -1.0823247e+00   9.5989042e-01  -4.9502906e-01  -7.8406992e-02
   2.0000000e+00   1.1626361e+00   9.4879532e-01   1.0044656e+00   1.0286316e+00   4.7309725e-01  -3.7302470e-01
   1.0000000e+00   3.2183293e-01   5.3588008e-01  -5.0637256e-01  -3.8732559e-01  -8.6510507e-01   6.6509475e-01
   2.0000000e+00  -8.9518755e-02  -1.8468815e+00  -1.8422037e+00   8.1717765e-01  -1.6479084e+00   1.9770361e+00
   1.0000000e+00   2.9871011e-01   2.2348816e-01   1.5679334e+00   5.0921625e-01  -1.4917954e-01   1.2869814e-01
   2.0000000e+00  -2.3115868e-01  -4.5443538e-01  -1.0575543e+00   7.9549946e-01   7.8514956e-01   7.4224956e-01
   2.0000000e+00  -1.2346507e+00   2.5328240e-01   3.1798984e-01  -1.9143234e+00  -4.6839532e-01  -3.8598692e-01
   2.0000000e+00   1.1179422e-01  -1.0604343e+00  -2.4687637e-01   2.3801488e+00  -1.2544452e+00   5.9788269e-01
   2.0000000e+00  -6.2667240e-01  -2.2840157e-01   1.8947925e+00   1.6726607e-01   4.2314015e-01   3.5440056e-01
   2.0000000e+00   9.9330349e-02  -6.1963555e-01  -2.3195481e+00  -1.5286700e+00  -6.0338840e-01  -6.1880245e-01
   2.0000000e+00   2.2551334e-01   1.6917024e+00   3.3891872e-01  -2.1029964e+00  -1.4985018e+00  -3.0370597e-01
   1.0000000e+00   6.7626503e-02  -5.8158560e-01   6.0141602e-01  -9.0697610e-01   1.2323993e+00  -1.2760194e+00
   2.0000000e+00  -1.0622343e+00   3.7320913e-01  -2.3596976e-01  -1.6629911e-01  -7.4758135e-01   2.9022046e-01
   2.0000000e+00  -8.9256976e-01   1.6219475e+00  -1.2526508e+00   1.3884933e+00  -1.3113913e+00   3.9302984e-01
   2.0000000e+00  -1.1213688e+00  -2.0179658e-01  -3.3816151e-02   9.7198769e-01  -1.8504223e-01  -1.5655582e+00
   2.0000000e+00  -1.6858217e+00   1.8211900e+00   3.4934307e-01   3.0048028e-01   3.6079595e-01   7.3352919e-01
   2.0000000e+00   5.6408475e-01  -1.2551597e+00  -3.2106716e-01  -9.6382829e-01   1.0687912e+00  -1.2815116e+00
   2.0000000e+00  -5.3930579e-02  -5.2017486e-01  -1.7593639e-02   9.7965692e-01   2.0674571e+00   1.2182851e+00
   2.0000000e+00   1.0848480e+00   1.5498354e+00   1.3965344e+00   8.3966281e-01  -5.1653522e-01   8.3138654e-01
   2.0000000e+00  -2.2714451e-01  -5.9748465e-01   1.6919076e+00   5.3376168e-02   1.1498222e+00  -6.1570738e-01
   2.0000000e+00   1.3845459e+00   2.4413734e-01   1.1139318e+00  -8.5041934e-02  -4.4982654e-01  -2.5076993e-01
   1.0000000e+00   4.8069495e-02   6.5730979e-01  -1.8499838e-01   7.5252957e-01   6.6009469e-01   2.4891186e+00
   2.0000000e+00  -8.0692801e-01   5.2744761e-01  -3.1499826e-01   4.6846547e-01  -4.8528921e-02  -6.4262368e-01
   2.0000000e+00   2.5229622e-01  -3.4606373e-02   2.0337232e+00   1.6688538e-01   2.8674148e-02   1.2684955e+00
   2.0000000e+00   1.2730546e+00   1.6577189e+00  -3.2106529e-01   1.5897953e+00   2.8600720e+00   2.5091970e-01
   1.0000000e+00   2.3409728e-01  -5.8880186e-01   3.6055130e-01   1.1073129e+00   2.5259751e-01  -1.0119593e+00
   2.0000000e+00   1.3546780e+00  -8.5432080e-01  -1.0131382e+00  -9.8420296e-01  -8.6930546e-01   9.0104947e-02
   2.0000000e+00  -1.0963892e+00   1.7233241e-01  -1.0140009e-01   1.4460587e+00   7.1942179e-01   8.8593852e-01
   2.0000000e+00  -2.6811809e-01  -2.4700863e-01  -6.3231037e-01  -8.3115796e-01   2.2931599e-01  -1.2873651e+00
   1.0000000e+00   1.8608689e-01  -3.4122534e-01   5.0971945e-01  -1.2999952e-01   6.8997062e-01  -6.7174661e-01
   1.0000000e+00   4.2923320e-01  -3.4071510e-01   1.7505983e+00   9.6120710e-01   2.1637611e-01  -8.2148204e-01
   1.0000000e+00   9.0642074e-02  -2.2412972e-01  -8.4604265e-01   2.0070960e-01  -1.1099728e+00   1.2105770e+00
   2.0000000e+00   2.3378609e+00  -9.3231670e-01  -1.6101688e+00  -5.4913908e-01  -1.3870858e+00  -6.5700588e-01
   1.0000000e+00   4.4041855e-01   1.1572078e-01  -8.5989438e-01   1.6051613e-01  -4.4866364e-01  -1.2314417e+00
   2.0000000e+00   9.6724815e-01  -1.3161012e+00  -9.0755026e-02   4.4758457e-01   7.3189889e-01  -1.1184585e+00
   2.0000000e+00   3.4892679e-01  -1.4325133e+00  -2.3508107e+00  -1.4764303e+00   1.4130699e+00   5.6500708e-01
   1.0000000e+00   3.4811200e-01  -1.0754213e-01   7.1413997e-01   6.8935215e-01  -1.5474550e+00   1.7196240e-01
   2.0000000e+00  -8.2869805e-01  -9.0646444e-01   1.3494918e-02  -1.8518735e+00  -6.6380116e-01   4.0768748e-01
   2.0000000e+00  -1.1842694e+00   6.2436718e-01  -8.8930940e-02  -4.6820302e-01  -6.5363136e-01   1.3555053e+00
   2.0000000e+00   3.1693566e-02   2.0254727e+00   8.5588994e-01  -5.9012024e-01   6.5726225e-01  -2.6397319e-01
   2.0000000e+00   9.0267610e-01   1.1589550e+00  -1.2683855e-01   1.3068912e+00   4.0092343e-02   7.4378089e-02
   1.0000000e+00   5.0400746e-01  -1.5063973e-01  -1.4314509e+00  -9.3947470e-01   7.2285968e-01  -1.3089761e+00
   2.0000000e+00  -2.5380490e-01  -1.2602312e-01  -8.9314641e-01   3.6671988e-01  -8.2697227e-01   9.2560446e-01
   1.0000000e+00   3.2597141e-01  -4.8496076e-02   2.8104461e-01   7.2946591e-01  -4.0810749e-01  -5.0513809e-01
   2.0000000e+00  -9.7167320e-01   3.6650673e-01  -8.2928632e-01  -3.1296070e-01  -1.0743560e+00   6.3985668e-01
   1.0000000e+00   3.9332547e-01   6.6217248e-01  -5.3608249e-01   2.2357022e-01   4.4779786e-01  -7.3690881e-01
   2.0000000e+00  -3.5190486e-01   2.1554343e+00  -1.4030455e+00   8.9546200e-01  -7.4019855e-01   2.2657887e+00
   2.0000000e+00  -1.3474171e+00  -8.5965146e-02  -3.7018333e-02   1.4132351e+00  -5.0756155e-02   2.8381999e+00
   2.0000000e+00  -8.8613571e-01   9.9786946e-01   3.8750665e-01   1.6823350e-01  -7.7602342e-01   1.0790190e-01
   2.0000000e+00   1.1478503e+00   2.1412708e+00   7.0545489e-01   4.7055082e-01   3.6653861e-01  -2.1680732e-01
   1.0000000e+00   5.1209212e-01   2.0729261e-01   2.1421152e-02  -2.5708097e-02  -2.5434843e+00  -3.7437129e-01
   2.0000000e+00   3.6460362e-01   1.2608716e+00   8.2606868e-01  -1.5955696e+00   3.5822261e-01   8.5062202e-01
   1.0000000e+00   4.5786665e-02   1.3951584e-01   5.5712045e-01  -2.3643688e+00   1.2317013e+00  -1.3848976e+00
   1.0000000e+00   1.7459495e-01  -4.9753628e-01  -7.2333093e-01   3.0608485e-02  -1.0249793e+00  -1.6650288e+00
   2.0000000e+00   1.6807193e+00   6.4995929e-01   9.5402319e-01  -7.6031989e-01  -1.4050901e+00  -1.3855238e+00
   2.0000000e+00  -2.1921164e+00  -1.0488965e+00  -7.8358644e-01  -5.6517768e-01   1.2017277e+00  -1.5185000e+00
   2.0000000e+00  -7.9414601e-01  -3.7428902e-01  -2.9903574e-01   1.0624255e+00  -2.3156139e-01  -8.6929791e-02
   2.0000000e+00  -1.1686514e+00   3.4916817e-02   1.2518324e+00   9.2424517e-01   2.4314361e-01  -1.4674993e+00
   2.0000000e+00  -1.2709289e+00  -1.3342030e+00   1.4663885e+00   9.3372988e-02   1.0253301e-01  -1.1360131e-01
   2.0000000e+00  -9.3218735e-01   6.8707723e-01  -7.0043980e-01  -1.8870388e+00   1.9861568e-01  -5.8058864e-01
   1.0000000e+00   7.4727768e-01  -4.7836702e-01   8.5829537e-01   1.6029592e+00  -1.4316642e+00   1.6121881e+00
   2.0000000e+00  -1.1038662e+00   8.7276318e-01  -1.0430444e-01   2.0387920e+00  -2.2172165e+00  -2.4833833e-01
   2.0000000e+00   1.2135577e+00  -2.5150649e+00  -4.3357369e-01   9.0923029e-01  -1.0991891e+00   1.6898107e+00
   2.0000000e+00  -9.2158337e-01  -2.6287022e-01   6.9763637e-01  -1.0812011e-01   3.1825162e-01   5.7557557e-01
   2.0000000e+00  -1.9497320e+00   3.7707238e-01  -6.1742038e-01  -4.0482989e-01   6.3158270e-01  -8.1790963e-01
   2.0000000e+00   1.2600863e+00   7.1653002e-01  -4.2053117e-01  -5.8008194e-01  -1.4159576e+00   1.2423455e+00
   1.0000000e+00   9.0173214e-01   3.1048450e-01   7.0484097e-01  -1.8131622e+00  -1.3017833e-01  -2.6823580e-01
   2.0000000e+00   5.4940858e-01  -6.7021430e-02  -1.9837535e+00   4.2473319e-01   1.6851098e+00  -9.0098617e-01
   2.0000000e+00   1.9715958e+00  -1.7904269e+00  -1.3343955e-01  -1.2966445e+00   7.1773362e-01   1.4272827e-01
   2.0000000e+00  -7.5486703e-02   4.7692425e-01  -4.2686480e-01   1.0578406e-01   7.7881592e-01   3.5537510e-01
   2.0000000e+00  -1.3565915e+00   9.7301389e-01   6.3278710e-01   4.4802683e-01   9.3883465e-02  -8.2576834e-01
   2.0000000e+00  -7.8373200e-01   7.9925684e-01   2.4069792e-01   1.0494471e+00  -7.6994619e-01   1.2496472e+00
   1.0000000e+00   5.3685544e-01   6.2851801e-01  -4.8867020e-01   2.0429211e+00  -1.3659914e+00  -1.6249846e-01
   2.0000000e+00   1.1878401e-01  -1.4151464e+00  -1.8606960e+00  -1.0012418e+00   6.3316987e-01  -1.3477536e-01
   2.0000000e+00  -1.5775165e+00   6.6236596e-01   8.3885727e-01  -5.6882762e-01   1.6679222e+00   5.2502627e-01
   2.0000000e+00   3.6492989e-01  -1.2763699e+00  -1.1568518e-01   3.8207404e-01  -2.8923550e-01  -6.6624666e-01
   2.0000000e+00  -7.5185175e-01   6.6025192e-01  -5.0610239e-01  -1.7326228e-01  -9.4490197e-01  -1.5516843e+00
   2.0000000e+00  -1.0741013e+00   8.0854618e-01   1.1972605e+00   9.8983097e-01  -5.0717464e-01  -6.4728083e-01
   2.0000000e+00  -1.6573110e-01   6.6621747e-02  -1.1067232e+00  -8.6745528e-02   1.8158515e-01   7.9735536e-01
   2.0000000e+00   6.6654510e-02  -1.2153863e+00  -7.2566843e-01  -8.7262774e-01  -5.4589388e-01  -1.3204519e+00
   2.0000000e+00   5.5254687e-02  -1.0662905e+00  -1.2752697e+00  -7.0497784e-01   5.4230137e-01   1.3824717e+00
   2.0000000e+00  -1.2151493e+00  -7.8178879e-01   4.6474977e-01  -9.2065209e-01   5.7203803e-02   5.1421204e-01
   2.0000000e+00  -8.2783244e-01   9.7963824e-01   1.0409917e+00  -5.0858740e-01  -3.1515178e-01  -8.8984555e-01
   2.0000000e+00  -7.2495364e-01   1.1837897e+00   3.2818392e-01   3.9347161e-01  -4.3977421e-01  -1.2439313e+00
   2.0000000e+00  -5.1987247e-01  -9.7887678e-01  -2.1918203e-01   3.1564815e-01   6.7442041e-02   1.8808570e+00
   1.0000000e+00   2.9887101e-01  -9.2064767e-02   5.8069806e-01   4.5111467e-01  -1.9138052e-01  -1.8378636e+00
   2.0000000e+00  -1.4427161e-01  -4.0729814e-01  -1.3282303e+00  -6.6303168e-02  -1.7210294e+00   6.2647666e-01
   2.0000000e+00   2.5607538e-01  -1.1671091e+00  -1.2801731e+00   1.4072774e+00  -9.6536034e-01  -3.8096692e-01
   2.0000000e+00   1.4322714e+00  -8.3765301e-01  -2.5056283e+00   5.5270859e-02   1.2993669e+00   8.4597188e-02
   2.0000000e+00  -1.4764762e+00   9.3218187e-03  -1.6288328e+00  -4.7574300e-01   4.5571476e-01   1.9732507e-01
   1.0000000e+00   5.5782297e-01   2.1547548e-01   8.2518915e-01   1.1498143e+00  -4.6090456e-01   8.7837609e-01
   1.0000000e+00   3.2666498e-01   5.5298181e-01  -6.2358017e-01  -3.2645329e-01  -2.0230624e+00   3.7592449e-01
   2.0000000e+00  -9.0963703e-01  -5.1232002e-01   1.7128602e+00  -1.3541407e+00  -1.0326027e-01   2.7844285e+00
   1.0000000e+00   2.9111833e-01  -9.1811797e-01   1.0293969e+00   5.4134688e-01   3.5486260e-01   9.6681346e-01
   2.0000000e+00   8.3400442e-01  -1.2025251e+00  -1.6827267e+00  -6.0295166e-01   7.5814382e-01   2.3291559e-01
   2.0000000e+00  -8.5987771e-01  -4.3898464e-01   4.0197380e-01   1.2450317e+00  -1.6102348e+00   1.2588527e+00
   2.0000000e+00  -1.3387903e-01   7.1349896e-01   1.0884455e-01  -5.9224866e-01   9.5886541e-01  -5.8699327e-01
   2.0000000e+00  -5.9267276e-01   1.2736771e+00   4.0102304e-01  -9.9527478e-01   1.6173178e-01  -6.6796913e-02
   2.0000000e+00  -5.0104196e-01   2.4912072e+00   8.7497491e-01  -3.3812762e-01  -5.4369239e-01  -1.1422972e+00
   1.0000000e+00   5.1565446e-01  -3.1577897e-01  -9.6255660e-01  -1.6215310e-01  -1.4638166e+00  -2.2452158e-01
   2.0000000e+00   1.5316710e-01  -1.1088542e+00  -5.4849918e-01  -3.4192474e-01   3.3046014e-01  -1.0960690e+00
   2.0000000e+00   1.0464140e+00   3.8466885e-01   1.5459564e+00  -2.0699205e+00  -3.3767701e-01   7.6728316e-01
   2.0000000e+00  -3.4156460e-01   1.2065161e+00   8.4591250e-01  -3.2717813e-01  -4.7968186e-01  -4.5131441e-01
   2.0000000e+00  -2.4027298e-02  -1.4173655e+00   1.0699390e+00   5.8765902e-01  -1.4108437e+00   5.2885461e-01
   1.0000000e+00   1.1679556e-01  -9.5801390e-01   1.1318284e+00   6.5149416e-01   4.9554387e-01  -1.8309963e+00
   2.0000000e+00   1.0662456e+00  -1.1110032e-01  -5.6930426e-02  -1.2370303e-01   7.5247227e-01   2.8408984e-01
   1.0000000e+00   1.4888838e-01   7.1488316e-01   3.1540216e-01   1.5874489e+00   1.0399757e+00   2.0861202e+00
   2.0000000e+00  -1.7802505e+00  -3.4521824e-01   9.6717122e-01   3.9980031e-01  -7.7736837e-01   1.2873004e+00
   2.0000000e+00  -9.1525651e-01  -8.7581055e-02   4.0035965e-01  -6.5259863e-01   1.3039962e+00   2.9607309e-01
   2.0000000e+00  -9.5949027e-01  -5.2576573e-01  -5.2196463e-01  -3.4430011e-01  -3.3756148e-01  -1.7667473e-01
   2.0000000e+00  -1.7120058e-01  -1.0886983e-01  -3.6505180e-01  -1.8054845e+00   1.2348384e+00  -1.3107225e+00
   1.0000000e+00   8.4538915e-01   3.3450128e-01   1.8765555e-01   6.3408374e-01   2.8361047e-01   1.8752377e-02
   2.0000000e+00   1.4603103e+00   2.1635632e+00  -5.0844763e-01  -1.9746109e+00  -8.2603514e-01   1.0610158e+00
   2.0000000e+00  -4.9018187e-01   4.7897044e-03  -4.7054839e-01  -6.8500055e-01   1.3932822e+00   7.4618883e-01
   2.0000000e+00  -6.6103868e-01  -3.9212813e-01   8.3955332e-01  -1.7485891e+00  -3.7105791e-01   1.4168990e+00
   2.0000000e+00  -1.2324881e+00   2.2301404e-01  -7.9193253e-01   1.0211271e+00  -1.3108894e+00  -1.4304051e+00
   2.0000000e+00  -3.0194558e-01   1.0510497e+00  -2.2322961e+00  -9.8914265e-02  -3.0164356e-01   1.7652104e-01
   2.0000000e+00  -8.6811393e-01  -4.9155813e-01   1.1731202e+00   6.0560040e-01   4.5506984e-01  -1.3880996e+00
   2.0000000e+00   1.2260406e+00   5.9631356e-01   4.4763825e-02  -2.4113144e+00  -8.4367777e-01  -3.1568373e-01
   2.0000000e+00  -5.9208325e-01   7.8507276e-01   2.3351258e+00  -4.9728237e-02  -1.8081502e+00   1.9330976e-01
   1.0000000e+00   4.1080786e-01   1.2780203e-01   1.3311351e-01   1.8530930e+00  -3.5296008e-01  -6.1099309e-01
   2.0000000e+00   2.1990242e-01  -1.9070078e+00   1.9206853e-01  -1.1593099e-01  -2.1235153e+00  -2.5583375e-01
   2.0000000e+00  -1.0485174e+00  -1.9017087e+00   9.9384389e-02  -1.3991201e-01  -8.2707630e-01  -8.2275263e-01
   2.0000000e+00  -1.7707651e+00   1.9954363e+00   7.5425384e-01  -1.1349958e+00  -4.7729548e-01  -1.3966865e+00
   2.0000000e+00  -3.4776115e-01   8.7119487e-01  -1.2631679e+00  -1.5949343e+00   1.0188405e+00  -5.3151806e-01
   2.0000000e+00   1.6176163e+00   9.0950451e-01  -3.3228204e-01  -1.0889903e+00   1.1239620e+00  -3.8843977e-01
   2.0000000e+00  -2.1478620e+00  -2.3667678e+00  -9.4521093e-01  -2.0613324e-01  -2.7655535e-01   1.4888731e+00
   1.0000000e+00   7.1077023e-01   3.0879109e-01  -2.2068970e-01  -1.6290005e+00  -2.0741222e-01   6.4962536e-01
   2.0000000e+00  -1.3599029e+00   2.2482324e+00   6.2663565e-01   2.3145708e+00   2.6766789e-01   3.3125551e-01
   1.0000000e+00   1.2825555e-01  -8.4830439e-02  -1.5607997e+00   2.7551573e-04  -6.3595796e-01  -4.2133056e-01
   2.0000000e+00  -7.2450892e-01  -1.6467962e+00  -4.1113014e-01  -9.4506371e-01  -1.2687272e+00   1.6163218e+00
   1.0000000e+00   1.8699528e-01   4.8316462e-01   1.5718926e-01  -1.4389838e+00  -1.5981632e+00  -1.7143842e+00
   2.0000000e+00   1.7280551e+00   6.0050208e-01  -1.3702613e+00  -9.9558298e-01   1.1093463e+00   1.0021510e+00
   1.0000000e+00   5.5434901e-01   2.6956413e-01  -1.4828719e-01   9.6301994e-01  -2.6805869e-01  -6.1956391e-02
   2.0000000e+00  -5.3285660e-01   3.6152468e-01   3.2641593e-01   1.0788082e+00   1.9162852e+00  -2.2662524e-01
   2.0000000e+00   2.2628303e-01  -1.2717810e+00   1.8511167e+00   1.7202695e+00  -8.3323609e-01  -2.4065841e-01
   2.0000000e+00  -9.0156411e-01   2.0398053e+00   1.8913050e-01   2.0103843e-01   6.4192118e-01   1.1022682e+00
   2.0000000e+00   1.5952114e+00   4.6642949e-01   9.7828509e-01  -9.8652970e-01   8.3717180e-01  -9.9092733e-01
   2.0000000e+00   4.6933312e-01   1.6925915e+00  -2.6570834e-01   1.2446013e-01   9.2521471e-01  -2.0673093e+00
   2.0000000e+00   1.3931618e+00   1.1590745e+00  -3.2448168e-01   8.1630610e-03  -1.4675170e+00  -2.9339800e-01
   2.0000000e+00   1.1478957e+00  -1.2572358e+00   6.1202539e-01   7.5444207e-01   3.8203554e-01  -3.2361325e-01
   2.0000000e+00  -8.1899898e-01   9.8669169e-01  -6.6257535e-02   1.4362841e+00  -5.5766341e-02   5.9373072e-01
   1.0000000e+00   6.5510344e-01  -7.0039654e-01  -1.9977731e-01   1.0566514e+00  -8.4058189e-01   5.7086629e-01
   2.0000000e+00  -8.6736885e-01  -8.6750888e-02   1.1059404e+00  -1.5823438e+00  -1.2161591e+00   1.3114273e+00
   2.0000000e+00   2.1936863e+00  -4.6367829e-01  -7.4509696e-01  -4.9035740e-01  -7.2094044e-01   5.0880571e-01
   2.0000000e+00   1.8495605e+00  -1.0027192e+00   1.1203449e+00  -7.0662274e-01   1.7087776e-01  -7.6930282e-01
   2.0000000e+00  -1.0772478e+00  -1.2642475e+00  -1.2005895e+00  -2.8399492e+00   1.0189358e+00  -5.6180396e-01
   2.0000000e+00  -9.9746664e-02   7.0598633e-01   1.3559099e+00  -2.8428513e-01  -1.0423011e+00  -1.2985380e+00
   2.0000000e+00  -5.2535336e-01   6.0668243e-01   5.0910030e-01   1.7049161e+00  -1.4041781e-01   1.3264772e+00
   1.0000000e+00   3.8210106e-01   4.3638095e-01   1.0321386e+00   2.4662828e+00  -1.3316647e+00  -6.3366492e-01
   2.0000000e+00  -1.3915010e+00  -1.4141878e+00  -1.9799656e-01   4.7498534e-01   4.2660915e-01  -1.6570082e+00
   2.0000000e+00   1.3578707e-01  -1.2607633e+00  -6.4775474e-02  -1.8626313e+00  -9.9462134e-01  -2.3045903e+00
   2.0000000e+00   7.6961645e-01  -9.5777233e-01  -1.4595709e-01   3.9289490e-02  -1.0668951e-01  -6.3628138e-01
   1.0000000e+00   6.7747647e-01   1.4290267e-02  -3.5219704e-01  -9.7692633e-01   1.0615338e+00   1.8919672e+00
   2.0000000e+00   2.2351045e+00   1.6232519e+00  -1.2849473e+00   1.3018913e+00   4.6324343e-01   7.0381014e-01
   1.0000000e+00   6.8295286e-01   5.8996125e-01   1.0543722e+00  -1.8434252e+00  -1.1935145e+00  -2.6544026e-01
   2.0000000e+00   8.6944359e-01  -6.2915101e-01   1.3165250e+00   2.1941428e-01  -4.3774629e-01  -7.7530330e-01
   2.0000000e+00  -5.5371978e-01   2.2289705e-01   1.8902015e-03  -3.9975763e-01   4.4040392e-01  -9.1244328e-01
   2.0000000e+00  -1.8918565e+00  -4.3576766e-01   3.7985227e-01  -9.8592587e-01  -3.0121394e-01  -8.8238357e-02
   2.0000000e+00  -2.1867664e+00   2.8711759e-01   7.0688224e-01   2.4232792e-01  -3.8130965e-01   6.9929911e-01
   2.0000000e+00  -4.3177299e-01  -1.2547082e+00   1.4207181e+00   5.2044734e-01   9.8987165e-01   5.7154812e-01
   2.0000000e+00   4.8291339e-01  -3.9566103e-02  -2.0364241e+00   3.6367950e-01   1.8711296e+00  -4.4974003e-01
   2.0000000e+00  -1.9596179e+00  -2.2208886e+00   2.3616577e-01  -5.2870382e-01  -1.0893287e+00  -8.8241878e-01
   2.0000000e+00  -9.3738265e-01   4.7571909e-01  -1.4783020e+00  -7.6943721e-02  -2.4953142e+00   1.5084112e-01
   1.0000000e+00   3.2901580e-01  -1.2190803e-01   1.7087641e+00   8.8411280e-02  -5.6030291e-01  -1.3635694e-01
   2.0000000e+00  -2.0493514e-01  -3.1220795e-01  -1.0880603e-01  -2.6450084e-02  -1.4027447e+00  -4.7131226e-01
   1.0000000e+00   7.2782219e-02   8.6199956e-01  -1.8800362e-01  -2.8205205e-01   2.7330993e-01   7.4559548e-01
   2.0000000e+00   1.7917850e+00   9.5381961e-01   1.2795371e+00  -1.0369810e+00  -9.3758938e-02  -8.1105131e-01
   1.0000000e+00   3.6671129e-01   8.5331529e-01  -2.6977758e-01  -1.0033551e+00  -9.4670006e-03  -4.9485186e-01
   2.0000000e+00   8.5638108e-01  -9.3136393e-01   3.7402566e-01  -4.6684109e-02  -9.8948248e-01   7.0886128e-01
   2.0000000e+00  -2.6745518e-01  -1.7854291e+00  -3.1307422e-01   4.1895987e-01  -1.0421285e+00   1.1671536e+00
   2.0000000e+00  -1.5584830e-01   4.0524432e-01  -1.5486630e+00  -2.8206671e+00   2.9860339e-03  -2.4077996e+00
   2.0000000e+00  -6.7076945e-01   6.4547935e-01   1.2325943e+00  -9.2903782e-01  -1.0952306e+00   6.0673464e-01
   2.0000000e+00   1.0329614e+00   5.5431175e-01   2.9253208e-01  -1.5967913e-02   8.0117142e-01  -6.1235865e-01
   2.0000000e+00  -8.7020579e-01  -1.0496321e+00  -3.7235914e-02   3.4510600e-02   9.6944966e-01   2.0941806e+00
   2.0000000e+00  -3.2005166e-01  -1.3959572e+00   4.9124758e-01  -1.3575867e-01   3.4061764e-01  -1.4109457e+00
   2.0000000e+00  -5.2211063e-01   1.1902018e+00  -3.9158650e-01   5.1058534e-01   6.1125898e-01   1.1829612e+00
   1.0000000e+00   1.4560057e-01   4.1730472e-01   1.5195230e+00  -1.3424279e+00  -1.3575553e+00  -1.2338736e+00
   2.0000000e+00   1.9372042e+00  -5.6326929e-01  -6.6381927e-01  -1.7364703e-01   1.5196904e+00   4.5984809e-03
   1.0000000e+00   9.1857913e-01   2.9860188e-01   1.0534551e+00  -7.0544245e-01   1.4259880e+00   2.5960976e-01
   2.0000000e+00  -6.2433850e-01   9.3542495e-01   3.1469471e-01   1.5793393e-01  -9.6828693e-01   6.4911300e-01
   2.0000000e+00  -1.7556309e+00   4.2845036e-01  -1.5384024e+00  -1.7474182e+00   1.9319302e-01   3.1716347e-01
   2.0000000e+00  -5.0355236e-01  -4.4328110e-01  -2.2290700e+00   8.6922181e-02  -1.5267951e+00   8.7985009e-01
   2.0000000e+00  -9.4243040e-01   1.3178296e+00  -4.3053538e-01  -1.0828338e-01  -1.3746709e+00   2.6164617e-01
   2.0000000e+00  -1.4596921e-01   3.9357841e-01  -3.2299598e-01  -7.1037978e-01   1.3817329e+00  -1.2790932e+00
   1.0000000e+00   4.6415517e-01  -9.7907466e-02  -2.9312291e-01   9.3089226e-01  -5.2325771e-01  -6.1411159e-01
   2.0000000e+00  -1.2828791e+00   1.2034879e+00   5.5479786e-01   6.7399858e-02   3.4635350e-01  -1.7076223e+00
   2.0000000e+00  -7.9331180e-02  -1.9257717e+00   9.3445435e-03   9.3951573e-01   4.9375993e-03   1.1051603e+00
   2.0000000e+00   3.0236409e-01  -1.0118705e+00  -1.2102046e+00   1.5975050e+00   4.7758767e-01   1.4692823e+00
   1.0000000e+00   3.7581247e-01   9.1035522e-01   1.1689525e+00   1.8372328e-01  -2.1422661e-01  -3.7872286e-01
   2.0000000e+00  -1.2641874e-01  -4.9759150e-01  -9.1539582e-01   1.0633685e+00  -2.3412367e+00  -1.0328724e+00
   2.0000000e+00  -2.6793036e-02   1.2090549e+00  -6.7464121e-01  -5.8286335e-02  -1.0944010e+00   9.5021006e-01
   2.0000000e+00  -1.2040359e-01   4.6024198e-01  -6.8564742e-01  -2.5544953e+00  -9.1076273e-01  -3.0620874e-01
   2.0000000e+00   1.1416014e+00  -2.7723774e-01   1.1420219e+00   3.5602367e-01  -9.6395222e-01  -4.9091265e-02
   2.0000000e+00   1.0132499e+00   8.3031054e-01   3.9845196e+00   2.4298085e-01  -3.7028486e-01  -2.6959069e-01
   2.0000000e+00  -2.1048961e+00  -3.5621529e-01  -4.0059846e-01   1.0701651e+00   1.6852522e+00  -1.0819911e+00
   2.0000000e+00  -2.9883243e-01  -8.5372656e-02  -2.0303905e-01  -8.6175241e-01  -7.8392371e-01   1.5550714e+00
   2.0000000e+00   1.9377082e+00   6.0939084e-01  -6.2275801e-01  -7.1086265e-01   6.9870885e-01   9.4628246e-01
   2.0000000e+00   1.9934560e+00   2.0312443e+00  -1.6317170e+00   1.0606632e+00   4.5837671e-01   9.5234903e-01
   2.0000000e+00  -4.4283746e-01  -1.7525672e+00   3.3506095e-01  -8.2738887e-01  -2.4289454e-01  -9.5240544e-01
   2.0000000e+00   1.0942343e+00  -5.2052084e-01  -8.5409660e-01  -5.0441731e-01  -2.4152310e+00  -2.0218922e+00
   2.0000000e+00   7.1525793e-01   5.5718305e-01   1.9989592e+00   1.0727489e-01   3.0366048e+00  -4.4157162e-02
   2.0000000e+00  -2.2031260e-01   3.6740102e-01   1.9423339e-01   8.6271296e-01   2.0822391e+00   3.2497625e-01
   1.0000000e+00   4.1097989e-01   3.5345171e-01  -8.4404472e-01   7.4277086e-01   1.7616044e+00   7.1544017e-01
   2.0000000e+00   8.3529756e-01   7.4265572e-01  -5.6999546e-01  -9.8811317e-02  -9.6656251e-01  -8.4404021e-01
   2.0000000e+00  -1.9802296e-01  -1.7557242e-01  -2.3130338e+00  -1.2503479e-01  -4.0865770e-02  -8.0305546e-01
   1.0000000e+00   8.5587812e-01  -1.5064074e-01   4.7767695e-01  -6.6795343e-01  -6.1593569e-02   4.4013240e-02
   2.0000000e+00   1.1931974e+00   5.6867032e-01   9.2269865e-01   8.9475245e-01   9.5116720e-01  -4.3659800e-01
   1.0000000e+00   2.0314257e-01   4.3332837e-01  -2.5642155e-01   6.5890757e-01   1.2611638e+00  -5.8646912e-01
   2.0000000e+00   1.5644863e+00  -2.7245448e-02  -1.3656649e+00   1.0591358e+00  -4.5307263e-01  -8.5420701e-01
   2.0000000e+00  -4.3052659e-01   4.9344412e-02   1.7715739e-01  -6.1932845e-01  -7.2196627e-01   6.5261670e-01
   2.0000000e+00   1.0899568e+00   2.9318228e-01   8.0703392e-01   4.1073306e-02  -4.4335455e-01   1.0748430e+00
   2.0000000e+00   8.8835461e-01  -1.6017791e+00  -1.0716035e+00   2.1752169e+00   1.4018129e+00  -3.5512786e-01
   1.0000000e+00   7.0610737e-01  -2.1169571e-01   3.2173536e-01   1.1135371e+00   7.7690259e-01   1.4111314e+00
   2.0000000e+00  -3.0089894e-01  -1.1126811e-01   1.3234310e-01  -1.1637716e+00  -1.8102952e+00  -3.3963171e-01
   1.0000000e+00   9.4792540e-01   1.2400283e-01  -5.0525356e-01   1.0375302e+00  -9.2847192e-01  -6.6038912e-01
   2.0000000e+00  -2.8944906e-01  -4.3343020e-01   1.1038574e+00  -1.6925903e+00  -4.1255202e-01   1.8525433e+00
   2.0000000e+00   4.0311371e-01  -9.6643305e-01  -1.3574925e+00  -1.0315499e+00  -8.3056700e-02   1.1212084e+00
   2.0000000e+00  -1.9760523e+00   1.2974779e+00  -1.3130531e+00  -4.7240411e-01   1.9786011e+00  -1.5819130e+00
   1.0000000e+00   2.8024549e-01  -1.0088784e-01   1.8753526e-01   1.7955360e+00  -4.0690523e-01  -3.9288931e-01
   2.0000000e+00  -1.0787135e+00  -1.1935388e+00  -5.1857429e-01   1.3882495e-01  -8.3352446e-01  -1.1776854e+00
   2.0000000e+00  -1.6504502e+00  -8.9343404e-01   2.4398164e-01  -9.0029844e-01   5.9064767e-01   1.1489126e+00
   2.0000000e+00   1.0299000e+00  -5.1980353e-01   1.9803488e+00  -1.0776598e+00   4.0950865e-01  -1.0720935e+00
   2.0000000e+00  -5.3032336e-01  -2.2897895e-02   9.7998360e-01   1.1528493e+00  -1.4238705e+00  -5.5821511e-01
   2.0000000e+00  -3.0615280e-01   6.3189963e-01  -1.2208343e+00   6.3547142e-01   4.5298283e-01  -1.8667388e-02
   2.0000000e+00   1.5650186e+00  -2.3978135e-01   1.2620951e+00  -4.0051944e-01  -1.0523892e-01  -2.3304699e+00
   2.0000000e+00  -7.4357689e-02  -1.4159728e+00   4.8207262e-01  -8.7259402e-01  -4.4878372e-01   1.7400599e-01
   2.0000000e+00   4.0898513e-01   6.4314699e-01  -2.1411880e+00   1.4981198e+00   4.3339453e-01  -8.7166410e-01
   2.0000000e+00   1.2038963e+00  -1.2377794e+00   4.4043598e-01  -9.1083871e-01   5.0765920e-01  -3.0551326e-01
   2.0000000e+00  -4.2979953e-01  -8.0429822e-01   7.4916966e-02  -9.5888543e-02   1.6167399e+00  -6.4708546e-01
   2.0000000e+00  -9.2525673e-01  -4.9893318e-01  -1.1594425e+00   2.4184078e-01   9.1100954e-01   1.2819828e+00
   2.0000000e+00   5.3124407e-01   1.4324233e+00   1.1234252e+00   5.2929031e-01  -4.3758288e-01   5.1101733e-01
   2.0000000e+00   4.3174188e-01   9.6229740e-01   8.6963215e-01  -1.0563657e-01  -2.3264866e-02  -1.3037789e+00
   2.0000000e+00  -2.1466076e+00   1.5701011e+00  -2.8216563e-01   1.0134646e+00   1.5646997e+00   3.1944034e-01
   2.0000000e+00  -3.2153337e-01   7.1824168e-01  -1.0257460e+00  -1.9694308e+00   4.6037974e-01  -9.8581366e-02
   2.0000000e+00  -5.3235174e-01  -7.0933693e-01  -4.9457550e-01   1.7253078e+00  -2.5133270e+00   1.7957693e+00
   2.0000000e+00  -5.1737259e-01   8.9843316e-01  -1.9987456e+00  -6.2002865e-02  -9.7920882e-01  -1.8367906e-02
   2.0000000e+00  -7.1794879e-01  -1.7577609e+00  -5.6834850e-01   4.5824681e-01   1.2191874e+00  -3.6708932e-01
   2.0000000e+00   5.2447811e-01   1.2156531e+00   3.8985483e-01   1.0648503e+00  -1.0267354e+00   1.4409953e+00
   2.0000000e+00  -2.7021846e-01   4.5902125e-01  -2.0050332e-01  -1.0487382e+00  -7.7028418e-04   1.5728697e-01
   2.0000000e+00  -9.2432788e-01  -4.5614477e-01  -2.9725395e-01   8.7749169e-01   5.8141902e-01  -2.0730932e+00
   2.0000000e+00   2.5907449e-02   1.8116956e+00   1.5262096e+00  -7.0137111e-01   1.1824767e-01   9.1100573e-01
   2.0000000e+00   4.6722836e-01  -1.4281428e+00  -1.5704206e+00   2.1777285e-01  -1.9913808e+00   5.4516572e-01
   1.0000000e+00   4.0722471e-01   3.5391989e-01  -9.1410901e-01   3.1080557e-01   1.1594922e-01  -3.5082608e-02
   2.0000000e+00  -1.4174965e-01   8.9820477e-01  -1.3357486e+00   5.0644702e-01  -8.9790102e-01   2.1750554e+00
   2.0000000e+00  -1.5784970e+00  -6.5075618e-01   6.9719818e-01   1.7757290e-01   1.6697685e+00  -3.5118092e-01
   2.0000000e+00  -1.5309715e+00   4.4492078e-02  -3.5642603e-01   1.5749894e+00   4.2031825e-01  -8.8018420e-01
   2.0000000e+00   8.9195483e-01  -5.3302675e-01  -9.1683267e-01   1.1759696e+00  -7.7633949e-01   1.6281578e+00
   2.0000000e+00  -2.3851949e+00   1.6698419e-01   1.2322043e-01  -1.1634879e+00  -9.3514222e-01   6.0989389e-01
   2.0000000e+00  -2.9811854e-01   1.1270447e+00  -8.8381116e-01   1.6516624e+00  -1.2303063e+00  -1.0439525e+00
   2.0000000e+00  -4.1965502e-01   2.0339967e+00  -1.6383261e+00  -1.3150677e+00   1.3346756e+00  -5.6399505e-01
   2.0000000e+00   1.0815589e+00   1.0894091e+00   2.1695662e-01  -1.0141716e+00   1.7419821e-01   4.8931810e-01
   1.0000000e+00   2.4844346e-01   7.5017562e-01  -1.8901969e+00   2.5568843e-01  -3.4202277e-01   1.4952172e+00
   2.0000000e+00  -3.3682243e-01  -8.6329399e-02   2.0068522e+00  -1.5814679e-01   1.7517256e-01   6.0250656e-01
   2.0000000e+00  -1.5508775e-01  -9.2019053e-01   8.8619492e-01  -9.9591147e-01  -1.3187831e+00  -6.3787760e-01
   2.0000000e+00  -2.1594464e-01  -7.3624035e-01   1.8816405e-01  -8.5782110e-01   7.1542365e-01  -1.4026666e+00
   2.0000000e+00  -4.1076821e-01   1.0953121e+00   1.1237770e+00  -2.9105689e-01   6.0114268e-01  -8.4732070e-01
   1.0000000e+00   7.8364404e-01  -3.6200052e-01  -1.1595406e+00   8.3722724e-01   8.2022012e-01  -2.6895632e+00
   1.0000000e+00   6.4280294e-02   2.8131049e-01   6.3066554e-01  -2.0908317e+00   8.0616241e-02  -1.5955405e+00
   2.0000000e+00  -7.3635561e-01  -4.7331135e-03   1.0722193e+00   7.2287297e-01   1.8875615e+00  -6.2393335e-01
   2.0000000e+00  -1.8907636e-01  -2.4180427e-01  -9.6394269e-01  -8.1550092e-02  -9.9027090e-01   1.8484075e+00
   1.0000000e+00   6.5774203e-02  -4.9106390e-01  -8.8432295e-01  -1.6717267e-01   8.7228346e-01  -8.6851561e-02
   1.0000000e+00   5.6516829e-01  -6.5779419e-01  -1.0894109e+00   6.4531183e-01  -5.8146608e-01  -1.7970912e+00
   2.0000000e+00   1.5943933e+00  -9.2041783e-02  -4.0572555e-01   2.6677743e-01  -6.6421510e-01  -7.9520843e-01
   2.0000000e+00  -6.0960721e-01  -1.9912707e+00  -4.2262571e-01   6.7598651e-01   1.3034047e+00  -8.5379685e-01
   2.0000000e+00  -1.7645076e+00   4.3074378e-01   1.4110070e+00  -5.9261810e-01  -1.8805567e+00  -4.2687493e-01
   2.0000000e+00  -7.6398286e-01   1.6442564e+00  -2.0324292e+00  -5.4906578e-01   4.6707867e-02  -2.0196115e+00
   2.0000000e+00  -1.3901804e+00  -1.9284242e-01  -4.2892155e-01  -8.6330639e-01  -1.2193938e+00  -8.5048759e-01
   2.0000000e+00  -8.9890978e-01   6.0889481e-01   9.5987035e-02  -1.6157010e+00   2.1970491e+00  -3.1013339e-01
